listing_id,high,medium,low
7142618,0.098,0.349,0.553
7210040,0.181,0.392,0.427
7103890,0.061,0.161,0.778
7143442,0.148,0.363,0.489
6860601,0.013,0.308,0.679
6840081,0.004,0.082,0.914
6922337,0.101,0.604,0.295
6913616,0.235,0.527,0.238
6937820,0.03,0.177,0.793
6893933,0.04,0.1686666666666667,0.7913333333333332
6832604,0.005,0.0425,0.9525
6915282,0.265,0.335,0.4
7127565,0.008,0.13,0.862
6827899,0.032,0.12166666666666667,0.8463333333333334
6934855,0.002,0.054,0.944
6861826,0.019,0.32233333333333336,0.6586666666666667
6871643,0.0245,0.2795,0.696
6842542,0.002,0.055,0.943
6934145,0.006,0.07165,0.92235
6829365,0.3734166666666666,0.33758333333333335,0.289
7167858,0.03758333333333334,0.103,0.8594166666666666
6859483,0.024,0.278,0.698
6861377,0.036,0.305,0.659
6848960,0.178,0.29,0.532
6918850,0.015,0.061,0.924
6916867,0.227,0.311,0.462
6895840,0.004,0.117,0.879
6813539,0.517,0.357,0.126
7116900,0.084,0.27366666666666667,0.6423333333333334
6890328,0.377,0.2105,0.4125
6879406,0.1,0.269,0.631
6824924,0.132,0.298,0.57
6911302,0.088,0.082,0.83
6918742,0.064,0.799,0.137
6910586,0.01,0.16,0.83
6821750,0.014,0.176,0.81
6860647,0.0555,0.1275,0.817
6932873,0.094,0.202,0.704
6846053,0.02,0.157,0.823
6940365,0.072,0.249,0.679
6931867,0.02,0.157,0.823
6876383,0.044,0.12,0.836
6910980,0.228,0.481,0.291
6880877,0.186,0.427,0.387
6839552,0.033,0.516,0.451
6838051,0.332,0.525,0.143
6928201,0.408,0.36,0.232
6945608,0.132,0.731,0.137
6816147,0.058,0.155,0.787
6868129,0.035,0.419,0.546
6849448,0.025333333333333336,0.298,0.6766666666666667
7113677,0.554,0.355,0.091
6930856,0.036,0.103,0.861
6889594,0.121,0.331,0.548
6842682,0.019,0.157,0.824
6880366,0.119,0.48,0.401
6835063,0.002,0.014,0.984
6820479,0.375,0.301,0.324
6882057,0.016,0.404,0.58
6834440,0.05,0.219,0.731
6880846,0.001,0.008,0.991
6847248,0.001,0.025,0.974
6868368,0.01,0.109,0.881
6943505,0.016,0.104,0.88
7174304,0.041,0.152,0.807
6880747,0.055,0.154,0.791
6933565,0.04,0.31,0.65
6888511,0.018,0.018,0.964
6942704,0.035,0.283,0.682
6840304,0.119,0.3385,0.5425
6856860,0.001,0.061,0.938
6884921,0.005,0.015,0.98
6937417,0.011,0.145,0.844
6831129,0.003,0.011,0.986
6936660,0.096,0.572,0.332
6940667,0.002,0.041,0.957
7201307,0.0,0.013,0.987
6825434,0.005,0.20375000000000004,0.79125
6848114,0.044,0.146,0.81
6947758,0.421,0.343,0.236
6897002,0.055,0.357,0.588
6926661,0.003,0.066,0.931
6867411,0.057,0.278,0.665
6910154,0.012,0.166,0.822
7157900,0.056,0.264,0.68
6922324,0.061,0.409,0.53
6863068,0.042,0.188,0.77
6912109,0.015,0.098,0.887
6918609,0.025,0.161,0.814
6889300,0.145,0.291,0.564
6837794,0.1195,0.2155,0.665
6943098,0.349,0.298,0.353
6927601,0.115,0.357,0.528
6897826,0.009,0.10906666666666667,0.8819333333333333
6882892,0.01,0.044,0.946
6873384,0.33,0.442,0.228
6934693,0.042,0.211,0.747
7224450,0.027,0.24,0.733
6898157,0.016,0.069,0.915
6837355,0.0,0.046,0.954
6830595,0.147,0.573,0.28
6943561,0.14,0.468,0.392
6844380,0.2695,0.378,0.3525
6814286,0.053,0.153,0.794
6898520,0.207,0.434,0.359
6940979,0.225,0.3525,0.4225
6851090,0.501,0.281,0.218
7107169,0.028,0.204,0.768
6830287,0.37016666666666664,0.119,0.5108333333333334
6933575,0.094,0.696,0.21
6938972,0.039,0.242,0.719
6888315,0.001,0.064,0.935
6855106,0.014,0.118,0.868
6838237,0.205,0.518,0.277
6901024,0.069,0.347,0.584
6846627,0.02,0.138,0.842
7219857,0.005,0.03,0.965
6852685,0.037,0.332,0.631
6831610,0.104,0.525,0.371
6943538,0.116,0.539,0.345
6911637,0.009,0.024,0.967
6854543,0.065,0.119,0.816
6940451,0.03,0.346,0.624
6819530,0.2636666666666666,0.38633333333333336,0.35
7093396,0.054,0.31425,0.63175
6840326,0.022,0.124,0.854
6834204,0.045,0.059,0.896
6902518,0.118,0.454,0.428
6930253,0.085,0.3506666666666667,0.5643333333333334
6828293,0.008,0.189,0.803
7203744,0.482,0.23271428571428573,0.28528571428571425
6816478,0.067,0.427,0.506
6868890,0.006,0.076,0.918
6879338,0.046,0.35706666666666664,0.5969333333333334
6898532,0.123,0.267,0.61
6899965,0.014,0.097,0.889
7133875,0.015,0.067,0.918
6822218,0.121,0.262,0.617
6814018,0.218,0.147,0.6350000000000001
6896376,0.125,0.493,0.382
6918670,0.095,0.309,0.596
6867839,0.0,0.029,0.971
6823554,0.005,0.144,0.851
6934798,0.061,0.19333333333333333,0.7456666666666667
6820823,0.131,0.428,0.441
6880212,0.048,0.102,0.85
6934814,0.015,0.135,0.85
7254134,0.098,0.19366666666666668,0.7083333333333333
6938303,0.475,0.292,0.233
6813807,0.14899047619047617,0.36600952380952384,0.485
6878604,0.029,0.103,0.868
6876763,0.05,0.116,0.834
6844352,0.003,0.083,0.914
6915939,0.242,0.345,0.413
7109370,0.079,0.381,0.54
6855445,0.121,0.27,0.609
6818668,0.021,0.183,0.796
6836527,0.0,0.005,0.995
6831717,0.03,0.1335,0.8365
6937162,0.098,0.433,0.469
6922876,0.023,0.038,0.939
7109482,0.044,0.475,0.481
6940972,0.073,0.399,0.528
6883790,0.163,0.30299999999999994,0.534
6921643,0.015,0.176,0.809
6935700,0.021,0.161,0.818
6827025,0.03,0.202,0.768
6943096,0.062,0.1255,0.8125
7161468,0.02,0.199,0.781
6879610,0.01,0.11966666666666666,0.8703333333333333
6935762,0.091,0.286,0.623
6925042,0.033,0.081,0.886
7121050,0.066,0.21475,0.71925
6821601,0.076,0.2,0.724
6926810,0.01,0.054,0.936
6946532,0.022,0.216,0.762
6875171,0.07,0.4151666666666667,0.5148333333333333
7096285,0.125,0.306,0.569
6812321,0.05,0.141,0.809
6822697,0.118,0.292,0.59
6941294,0.01,0.16,0.83
6873564,0.007,0.01,0.983
6926791,0.027,0.377,0.596
7142444,0.454,0.244,0.302
6878128,0.041,0.73,0.229
6927428,0.051,0.2035,0.7455
6812674,0.003,0.005,0.992
6881774,0.22,0.397,0.383
7167797,0.001,0.035,0.964
6865238,0.101,0.551,0.348
6841710,0.201,0.252,0.547
6856334,0.01,0.031,0.959
6906462,0.021,0.25,0.729
6837438,0.1683333333333333,0.289,0.5426666666666666
6908277,0.154,0.407,0.439
6841291,0.125,0.173,0.702
6915178,0.303,0.379,0.318
6893031,0.316,0.3,0.384
6894985,0.357,0.497,0.146
6931134,0.149,0.378,0.473
6872264,0.558,0.252,0.19
6816953,0.1384,0.293,0.5686
7163518,0.294,0.433,0.273
6893253,0.039,0.268,0.693
6943822,0.058,0.274,0.668
6946313,0.08,0.224,0.696
6839443,0.022,0.14,0.838
6911338,0.05,0.334,0.616
7223877,0.536,0.2265,0.2375
6917884,0.025,0.307,0.668
6823126,0.002,0.037,0.961
6939488,0.239,0.377,0.384
7196924,0.044,0.115,0.841
6905685,0.033,0.193,0.774
6894092,0.013,0.048,0.939
6812181,0.018,0.1825,0.7995
6854610,0.017,0.291,0.692
6873754,0.149,0.345,0.506
6859181,0.948,0.038,0.014
6825402,0.013,0.148,0.839
6819526,0.028,0.11,0.862
6896065,0.0,0.036,0.964
6931793,0.077,0.3615,0.5615
6907360,0.019,0.195,0.786
6813182,0.0195,0.151,0.8295
6823959,0.073,0.249,0.678
6942189,0.19,0.387,0.423
6844384,0.052,0.207,0.741
6836888,0.3395,0.2515,0.409
6917844,0.023,0.233,0.744
6937842,0.064,0.3821666666666667,0.5538333333333333
6926917,0.166,0.327,0.507
7160740,0.07433333333333333,0.183,0.7426666666666666
6936310,0.081,0.315,0.604
6849109,0.33,0.3885,0.2815
6831018,0.001,0.006,0.993
6909842,0.005,0.067,0.928
6861360,0.002,0.038,0.96
6883414,0.038,0.268,0.694
6876026,0.187,0.24395,0.56905
7095390,0.001,0.009,0.99
6932265,0.47,0.349,0.181
6870949,0.058,0.286,0.656
6831335,0.0405,0.215,0.7445
6895698,0.213,0.328,0.459
6889889,0.156,0.315,0.529
6876679,0.061,0.21033333333333332,0.7286666666666668
6947097,0.125,0.158,0.717
6874970,0.042,0.159,0.799
6831069,0.449,0.24966666666666665,0.3013333333333334
6833628,0.062,0.13,0.808
6819282,0.092,0.287,0.621
6825025,0.026,0.136,0.838
6856513,0.028,0.171,0.801
6928711,0.001,0.013,0.986
6832548,0.115,0.246,0.639
6881870,0.042,0.344,0.614
6866978,0.272,0.532,0.196
7163400,0.294,0.433,0.273
6917187,0.176,0.677,0.147
6927475,0.018,0.316,0.666
6903243,0.028,0.3095,0.6625
6876188,0.006,0.073,0.921
6922219,0.023,0.086,0.891
7104085,0.0,0.006,0.994
6920897,0.091,0.407,0.502
6812177,0.037,0.205,0.758
6941047,0.079,0.51,0.411
6827609,0.007,0.042,0.951
6934328,0.011,0.142,0.847
6937556,0.45,0.373,0.177
6879765,0.045,0.664,0.291
6942927,0.005,0.078,0.917
6945170,0.051,0.37,0.579
6901915,0.094,0.288,0.618
6824475,0.04433333333333333,0.3466666666666666,0.609
6832968,0.0405,0.16566666666666666,0.7938333333333334
7166718,0.0,0.051,0.949
6905079,0.03,0.187,0.783
6940297,0.088,0.741,0.171
6911080,0.057,0.416,0.527
6917208,0.061,0.219,0.72
6858925,0.127,0.584,0.289
7169883,0.177,0.392,0.431
6944112,0.358,0.448,0.194
6885816,0.023,0.152,0.825
6837733,0.031,0.071,0.898
6828658,0.1535,0.255,0.5915
6839429,0.111,0.48241666666666666,0.4065833333333333
7164794,0.024,0.222,0.754
6837661,0.117,0.219,0.664
6883255,0.006,0.162,0.832
6833054,0.051,0.242,0.707
7675463,0.112,0.31,0.578
6871526,0.139,0.334,0.527
6876295,0.081,0.374,0.545
7204045,0.006,0.121,0.873
6840357,0.167,0.3715,0.4615
6917531,0.002,0.09,0.908
6886057,0.3965,0.342,0.2615
6833734,0.043,0.41901666666666665,0.5379833333333334
6908098,0.044,0.145,0.811
6860562,0.01,0.108,0.882
6859167,0.132,0.222,0.646
6812141,0.022,0.12,0.858
6919431,0.002,0.046,0.952
6869389,0.04,0.206,0.754
6906034,0.028,0.097,0.875
7108495,0.001,0.004,0.995
6864681,0.005,0.135,0.86
6893982,0.015,0.156,0.829
6862160,0.006,0.082,0.912
6854804,0.061,0.261,0.678
7143164,0.013,0.466,0.521
6936651,0.076,0.202,0.722
6837450,0.028,0.203,0.769
6908259,0.718,0.113,0.169
6916539,0.064,0.2295,0.7065
6947176,0.102,0.353,0.545
6933958,0.219,0.467,0.314
6816549,0.184,0.507,0.309
6876117,0.002,0.05,0.948
6848605,0.039,0.228,0.733
6840659,0.024,0.07,0.906
6823496,0.233,0.385,0.382
6912609,0.0,0.003,0.997
7097937,0.022,0.058,0.92
6924524,0.041,0.411,0.548
6938236,0.034,0.126,0.84
6865751,0.007,0.023,0.97
6936323,0.013,0.089,0.898
6868422,0.145,0.308,0.547
7210133,0.026,0.301,0.673
7215631,0.012,0.067,0.921
6940189,0.06166666666666666,0.328,0.6103333333333334
6888941,0.016,0.024,0.96
6831598,0.019,0.427,0.554
6939963,0.022,0.207,0.771
6897175,0.138,0.507,0.355
6816167,0.09766666666666665,0.224,0.6783333333333333
6812965,0.035,0.261,0.704
7149372,0.347,0.456,0.197
6875959,0.008,0.044,0.948
6925644,0.037,0.549,0.414
6874269,0.038,0.424,0.538
6814721,0.032,0.117,0.851
6922432,0.014,0.451,0.535
6858861,0.015,0.106,0.879
6835339,0.0,0.0,1.0
6896997,0.266,0.246,0.488
6921134,0.001,0.02,0.979
6883685,0.263,0.509,0.228
6911406,0.002,0.01,0.988
6825733,0.425,0.2825,0.2925
6884462,0.254,0.468,0.278
6858682,0.01,0.087,0.903
6894013,0.102,0.538,0.36
6856391,0.39,0.315,0.295
6828064,0.002,0.051,0.947
6817336,0.003,0.044,0.953
6819178,0.054,0.318,0.628
7147339,0.129,0.358,0.513
6887757,0.113,0.586,0.301
6946859,0.082,0.3745,0.5435
6855963,0.019,0.07,0.911
6839828,0.169,0.519,0.312
6870806,0.196,0.4645,0.3395
6880221,0.086,0.259,0.655
6921809,0.132,0.2592857142857143,0.6087142857142858
6897069,0.023,0.26067142857142855,0.7163285714285714
6897157,0.197,0.378,0.425
6898912,0.02,0.262,0.718
6856271,0.145,0.286,0.569
6888381,0.0,0.001,0.999
7099191,0.0,0.075,0.925
6917882,0.128,0.433,0.439
6931260,0.001,0.048,0.951
6849996,0.052,0.634,0.314
6887973,0.064,0.31733333333333336,0.6186666666666667
6850205,0.28464999999999996,0.419,0.29635
6845657,0.095,0.304,0.601
6930302,0.006,0.027,0.967
6852391,0.07066666666666666,0.2298333333333333,0.6995
6920411,0.096,0.345,0.559
6907999,0.008,0.079,0.913
6864094,0.014,0.302,0.684
6813852,0.13925,0.2984,0.56235
7232295,0.257,0.402,0.341
6896558,0.075,0.19,0.735
6858919,0.026,0.394,0.58
6847828,0.027,0.126,0.847
6925116,0.166,0.298,0.536
6854687,0.089,0.20308333333333334,0.7079166666666666
6946415,0.106,0.51,0.384
6827859,0.0,0.004,0.996
6884313,0.38616666666666666,0.4838333333333333,0.13
6848651,0.044,0.39110238095238087,0.5648976190476191
7136298,0.023,0.186,0.791
6874534,0.018,0.147,0.835
6908942,0.316,0.419,0.265
6894718,0.001,0.063,0.936
6876449,0.095,0.2966666666666667,0.6083333333333334
6825630,0.121,0.32638333333333336,0.5526166666666666
7155655,0.029,0.229,0.742
7201310,0.015,0.077,0.908
6864334,0.008,0.076,0.916
6876658,0.003,0.137,0.86
6842370,0.105,0.1865,0.7085
6835467,0.259,0.378,0.363
7227368,0.066,0.15,0.784
6859482,0.033,0.21569999999999998,0.7513
6878641,0.029,0.103,0.868
6869916,0.0,0.005,0.995
6841060,0.02,0.199,0.781
6887832,0.022,0.197,0.781
6905898,0.027,0.069,0.904
7104742,0.25825,0.31775,0.424
6948090,0.053,0.248,0.699
6839851,0.088,0.357,0.555
6934051,0.007,0.046,0.947
6888727,0.185,0.398,0.417
7167478,0.014,0.034,0.952
6892109,0.145,0.716,0.139
6908544,0.446,0.313,0.241
6921725,0.04,0.401,0.559
6932343,0.068,0.332,0.6
6914309,0.006,0.249,0.745
6919805,0.097,0.263,0.64
6947828,0.054,0.1435,0.8025
6920362,0.112,0.373,0.515
7110179,0.446,0.267,0.287
6877834,0.24,0.434,0.326
6876966,0.092,0.296,0.612
6823918,0.047,0.139,0.814
6871243,0.005,0.053,0.942
6928189,0.26,0.326,0.414
6852455,0.166,0.312,0.522
7208631,0.023,0.203,0.774
6831811,0.199,0.526,0.275
6904276,0.016,0.153,0.831
6831589,0.139,0.202,0.659
6901814,0.031,0.112,0.857
6854667,0.832,0.115,0.053
7192650,0.006,0.016,0.978
6836299,0.016,0.165,0.819
6887919,0.01,0.158,0.832
6927679,0.053,0.436,0.511
6855908,0.098,0.23,0.672
6854766,0.009,0.071,0.92
6847472,0.036,0.217,0.747
6862519,0.052,0.283,0.665
6938819,0.359,0.277,0.364
6945434,0.065,0.256,0.679
6832722,0.602,0.064,0.334
6852707,0.014,0.092,0.894
7177680,0.039,0.367,0.594
6834945,0.001,0.006,0.993
6890316,0.032,0.358,0.61
6816620,0.009,0.072,0.919
6945175,0.015,0.133,0.852
6914016,0.024,0.157,0.819
6852619,0.0508,0.16519999999999999,0.784
6813211,0.116,0.505,0.379
6820546,0.04,0.146,0.814
6836128,0.016,0.024,0.96
6850557,0.076,0.517,0.407
6864997,0.076,0.144,0.78
6883705,0.034,0.215,0.751
6898767,0.008,0.066,0.926
6866020,0.025,0.131,0.844
7126382,0.369,0.393,0.238
6847427,0.2225,0.356,0.4215
6841013,0.053,0.202,0.745
6909469,0.0,0.002,0.998
6922473,0.005,0.033,0.962
6925906,0.03966666666666667,0.3571666666666667,0.6031666666666666
6946014,0.123,0.266,0.611
6820739,0.04,0.245,0.715
6927559,0.204,0.42,0.376
7174772,0.005,0.088,0.907
6931036,0.036,0.39,0.574
6918163,0.006,0.147,0.847
6893604,0.071,0.324,0.605
6868844,0.077,0.23083333333333333,0.6921666666666667
6814537,0.624,0.24655000000000002,0.12944999999999998
6916118,0.001,0.008,0.991
6838509,0.059,0.22933333333333333,0.7116666666666668
6919725,0.193,0.388,0.419
6932476,0.001,0.003,0.996
6860496,0.024,0.717,0.259
7156799,0.098,0.5956666666666668,0.30633333333333335
6837521,0.013,0.133,0.854
6913204,0.039,0.474,0.487
6947516,0.09,0.372,0.538
6838117,0.02683333333333333,0.09066666666666666,0.8825
6933366,0.038,0.199,0.763
7134198,0.038,0.262,0.7
6898450,0.08,0.295,0.625
6819926,0.028,0.231,0.741
6947698,0.035,0.142,0.823
6838721,0.005,0.01,0.985
6936661,0.062,0.445,0.493
6912257,0.108,0.359,0.533
6905569,0.004,0.038,0.958
6927167,0.33,0.254,0.416
7150689,0.028,0.1145,0.8574999999999999
6820358,0.108,0.175,0.717
6945045,0.058,0.379,0.563
6866884,0.035,0.10625,0.85875
6820658,0.09,0.355,0.555
6826462,0.057,0.2525,0.6905
6932390,0.021,0.175,0.804
6905031,0.226,0.561,0.213
6923011,0.015,0.117,0.868
6908504,0.136,0.4485,0.4155
6881050,0.488,0.228,0.284
6892968,0.011,0.114,0.875
7346996,0.11733333333333335,0.4756666666666666,0.407
6876206,0.007,0.104,0.889
6813475,0.037,0.268,0.695
7190057,0.088,0.065,0.847
6838465,0.157,0.246,0.597
6899364,0.031,0.132,0.837
6891616,0.0,0.006,0.994
6836715,0.049,0.207,0.744
6829616,0.013,0.137,0.85
6829144,0.034,0.448,0.518
6893064,0.051,0.193,0.756
6861300,0.006,0.084,0.91
6926847,0.021,0.49,0.489
6894021,0.022,0.112,0.866
6897946,0.046,0.176,0.778
6835716,0.112,0.323,0.565
6832160,0.376,0.297,0.327
6835291,0.035,0.098,0.867
6945184,0.048,0.164,0.788
7140488,0.045,0.32183333333333336,0.6331666666666668
6937850,0.105,0.375,0.52
6899603,0.028,0.148,0.824
6903105,0.168,0.30060000000000003,0.5314
6828476,0.017,0.159,0.824
6835098,0.005,0.023,0.972
6830512,0.108,0.1743333333333333,0.7176666666666667
6879997,0.05,0.086,0.864
7131517,0.097,0.3111666666666667,0.5918333333333333
6835955,0.258,0.433,0.309
6875250,0.031,0.208,0.761
6932794,0.071,0.344,0.585
6948263,0.063,0.56,0.377
6867201,0.214,0.583,0.203
6882748,0.179,0.255,0.566
6902842,0.181,0.294,0.525
6847535,0.1428333333333333,0.425,0.4321666666666667
6825267,0.04,0.198,0.762
6909277,0.038,0.143,0.819
7152429,0.36823333333333336,0.41176666666666667,0.22
6931179,0.003,0.02,0.977
6896746,0.177,0.486,0.337
6937073,0.007,0.227,0.766
6934627,0.0,0.007,0.993
6887878,0.21,0.42225,0.36775
6921531,0.021,0.254,0.725
6897461,0.008,0.026,0.966
6862066,0.202,0.289,0.509
6851531,0.18033333333333332,0.3946666666666666,0.42500000000000004
6928550,0.073,0.13966666666666666,0.7873333333333333
6945851,0.04,0.09,0.87
6946955,0.002,0.022,0.976
6869136,0.24,0.442,0.318
6908667,0.037,0.2425,0.7205
6820525,0.28245454545454546,0.3245454545454546,0.393
6887970,0.111,0.458,0.431
6848365,0.041,0.233,0.726
6816173,0.064,0.247,0.689
6900732,0.001,0.02,0.979
6815786,0.103,0.372,0.525
6945972,0.192,0.374,0.434
6848445,0.048,0.212,0.74
6856486,0.167,0.438,0.395
6867010,0.035,0.288,0.677
6828257,0.188,0.169,0.643
6871807,0.05,0.173,0.777
7212966,0.0,0.032,0.968
6889959,0.176,0.254,0.57
6915510,0.008,0.165,0.827
6905402,0.003,0.131,0.866
6826100,0.113,0.425,0.462
6848893,0.042,0.3265,0.6315
7155647,0.272,0.184,0.544
6812883,0.10798333333333333,0.7550166666666668,0.137
6866095,0.005,0.067,0.928
6931127,0.008,0.081,0.911
6829407,0.028,0.135,0.837
6867548,0.2355,0.47375,0.29075
7132575,0.034,0.253,0.713
6890847,0.026,0.146,0.828
6916429,0.012,0.021,0.967
6884716,0.487,0.348,0.165
6896897,0.381,0.3635,0.2555
6941572,0.039,0.117,0.844
6945277,0.122,0.474,0.404
7133293,0.015,0.1,0.885
7213385,0.01,0.083,0.907
6831928,0.055,0.3846666666666667,0.5603333333333332
6932687,0.014,0.109,0.877
6873877,0.023,0.078,0.899
7135459,0.09951666666666667,0.38,0.5204833333333333
6876620,0.002,0.041,0.957
6936163,0.012,0.146,0.842
6912398,0.213,0.2415,0.5455000000000001
6917655,0.022,0.1383333333333333,0.8396666666666668
6941149,0.042,0.117,0.841
6941378,0.042,0.042,0.916
6882453,0.034,0.146,0.82
7119160,0.035,0.2045,0.7605
6868451,0.036,0.211,0.753
6945881,0.083,0.35,0.567
6822541,0.0665,0.2475,0.686
6884355,0.082,0.6321666666666668,0.2858333333333334
7132247,0.021,0.219,0.76
6872049,0.106,0.366,0.528
6890740,0.007,0.032,0.961
6840897,0.07866666666666666,0.20133333333333334,0.72
6847694,0.02,0.18,0.8
6938196,0.022,0.28,0.698
6939526,0.039,0.256,0.705
6917529,0.004,0.014,0.982
6885636,0.002,0.125,0.873
7202614,0.002,0.015,0.983
6926453,0.102,0.533,0.365
6844636,0.117,0.2926,0.5903999999999999
6879293,0.434,0.423,0.143
6924780,0.064,0.316,0.62
6881024,0.004,0.027,0.969
6851374,0.134,0.335,0.531
6850953,0.027,0.099,0.874
6892292,0.001,0.098,0.901
6886159,0.006,0.102,0.892
6849877,0.148,0.2355,0.6165
6940840,0.019,0.158,0.823
6926838,0.02,0.387,0.593
6879243,0.237,0.339,0.424
6944286,0.065,0.24825,0.68675
6915587,0.2553333333333333,0.5296666666666666,0.215
6881904,0.07,0.335,0.595
7154358,0.186,0.37,0.444
6899258,0.011,0.044,0.945
6855460,0.251,0.54,0.209
6864884,0.02,0.188,0.792
6868209,0.117,0.3275,0.5555
6853834,0.031,0.433,0.536
7210020,0.084,0.496,0.42
6933228,0.036,0.181,0.783
6929227,0.091,0.29575,0.61325
7192346,0.068,0.241,0.691
6928834,0.012,0.145,0.843
6812269,0.035,0.111,0.854
6851446,0.128,0.207,0.665
6930820,0.001,0.026,0.973
6875310,0.173,0.198,0.629
6932397,0.106,0.4054,0.48860000000000003
6904291,0.004,0.023,0.973
6921642,0.043,0.22,0.737
7136057,0.284,0.162,0.554
6920815,0.007,0.077,0.916
6861757,0.154,0.597,0.249
6934222,0.621,0.238,0.141
6946448,0.047,0.315,0.638
6890569,0.294,0.213,0.493
6884477,0.114,0.405,0.481
7145006,0.003,0.053,0.944
6893718,0.0,0.053,0.947
6893330,0.015,0.222,0.763
6901780,0.006,0.064,0.93
6815738,0.16,0.3483333333333334,0.49166666666666664
6917209,0.043,0.2505,0.7065
6904227,0.012,0.054,0.934
6894402,0.002,0.064,0.934
7146083,0.058,0.164,0.778
6902153,0.014,0.055,0.931
6925988,0.135,0.32,0.545
6881323,0.0,0.001,0.999
6937405,0.233,0.315,0.452
7098390,0.168,0.443,0.389
6935942,0.20143333333333333,0.482,0.31656666666666666
6833510,0.085,0.381,0.534
6812857,0.12785,0.2905,0.58165
6828441,0.186,0.28,0.534
6915711,0.172,0.594,0.234
6880643,0.24480000000000002,0.371,0.3842
7224930,0.011,0.271,0.718
6852614,0.007,0.09,0.903
6853816,0.172,0.237,0.591
6811964,0.132,0.326,0.542
6847800,0.007,0.068,0.925
6859897,0.113,0.3715,0.5155
6882929,0.001,0.043,0.956
7157584,0.002,0.091,0.907
6863444,0.011,0.049,0.94
6836902,0.0,0.023,0.977
6918960,0.09088333333333333,0.24245,0.6666666666666666
6882854,0.08,0.323,0.597
6822755,0.028,0.079,0.893
6815184,0.1494166666666667,0.319,0.5315833333333333
6846582,0.096,0.14,0.764
6940309,0.021,0.164,0.815
6924056,0.01,0.109,0.881
6824481,0.007,0.135,0.858
6839735,0.005,0.10166666666666666,0.8933333333333333
6900130,0.066,0.364,0.57
6946739,0.003,0.022,0.975
7144008,0.022,0.337,0.641
6863751,0.005,0.023,0.972
6820293,0.031,0.4,0.569
6818472,0.016,0.145,0.839
6832420,0.0295,0.1535,0.817
6879450,0.002,0.066,0.932
6943618,0.01,0.273,0.717
6883463,0.015,0.356,0.629
6834919,0.147,0.384,0.469
7505696,0.038,0.145,0.817
6903645,0.027,0.295,0.678
6831148,0.5,0.238,0.262
6828948,0.053,0.19,0.757
6878495,0.012,0.08,0.908
6924862,0.004,0.033,0.963
6887802,0.035,0.272,0.693
6903228,0.623,0.226,0.151
6947415,0.0,0.017,0.983
6941508,0.321,0.303,0.376
6856111,0.032,0.3226666666666666,0.6453333333333334
7126808,0.011,0.129,0.86
6939857,0.039,0.228,0.733
6822528,0.338,0.33,0.332
6947631,0.199,0.297,0.504
6887810,0.006,0.147,0.847
6849210,0.0335,0.348,0.6185
6901742,0.0,0.015,0.985
6850925,0.416,0.30383333333333334,0.2801666666666666
7181995,0.129,0.319,0.552
6841559,0.003,0.025,0.972
6822957,0.014,0.101,0.885
6943349,0.03,0.1835,0.7865
6923825,0.02,0.1905,0.7895
6871218,0.331,0.324,0.345
6932761,0.258,0.504,0.238
7168983,0.076,0.233,0.691
6853713,0.18109999999999998,0.32244999999999996,0.49645
6814124,0.034,0.262,0.704
6828980,0.003,0.397,0.6
6939747,0.008,0.19766666666666666,0.7943333333333333
6862615,0.071,0.375,0.554
6911182,0.029,0.131,0.84
6947421,0.081,0.236,0.683
7163662,0.006,0.004,0.99
6933362,0.133,0.401,0.466
6822086,0.062,0.14,0.798
6939543,0.079,0.2573333333333333,0.6636666666666666
6882675,0.049,0.502,0.449
6925986,0.004,0.06,0.936
6927417,0.051,0.708,0.241
6824119,0.192,0.316,0.492
6923589,0.058,0.291,0.651
7205380,0.002,0.0516,0.9464
6904992,0.031,0.208,0.761
6857676,0.033,0.588,0.379
6942001,0.046,0.417,0.537
7187800,0.018,0.17,0.812
6877985,0.202,0.6938333333333333,0.10416666666666666
6821414,0.031,0.06825,0.90075
6864512,0.002,0.081,0.917
6827448,0.038,0.252,0.71
6908603,0.012,0.251,0.737
7229431,0.023,0.189,0.788
6887335,0.011,0.07,0.919
6882828,0.029,0.218,0.753
6899958,0.051,0.276,0.673
6824008,0.0745,0.414,0.5115
6903906,0.243,0.177,0.58
7115894,0.055,0.898,0.047
6941723,0.02,0.2175,0.7625
6839785,0.167,0.533,0.3
6886776,0.018,0.102,0.88
6916643,0.006,0.047,0.947
6913846,0.107,0.4565,0.4365
6890122,0.02,0.05,0.93
6835099,0.011,0.086,0.903
6945428,0.095,0.408,0.497
6887669,0.044,0.25575,0.70025
6935132,0.0,0.01,0.99
6857587,0.052,0.171,0.777
6935498,0.063,0.287,0.65
6947868,0.164,0.588,0.248
6850003,0.049,0.22583333333333333,0.7251666666666666
6852354,0.305,0.27,0.425
6919832,0.011,0.096,0.893
6812510,0.008,0.103,0.889
6896715,0.131,0.20783333333333331,0.6611666666666668
7227507,0.01,0.18,0.81
6887453,0.041,0.185,0.774
6921056,0.06833333333333334,0.224,0.7076666666666667
6932635,0.268,0.581,0.151
6893393,0.001,0.043,0.956
6940659,0.09333333333333332,0.164,0.7426666666666666
6891517,0.0,0.023,0.977
6818991,0.037,0.246,0.717
6899307,0.143,0.278,0.579
7175517,0.02,0.126,0.854
6895415,0.03,0.121,0.849
6945124,0.03,0.225,0.745
6878796,0.035,0.406,0.559
6901435,0.044,0.215,0.741
7098987,0.23666666666666666,0.2533333333333333,0.51
6868925,0.1145,0.263,0.6225
6862452,0.306,0.408,0.286
6904865,0.004,0.015,0.981
6872445,0.019,0.457,0.524
6816856,0.046,0.131,0.823
6910410,0.003,0.058,0.939
6847518,0.038,0.296,0.666
6860992,0.005,0.064,0.931
7093387,0.038,0.322,0.64
6891540,0.162,0.308,0.53
6928645,0.028,0.066,0.906
6874105,0.011,0.134,0.855
6819576,0.1065,0.31116666666666665,0.5823333333333333
6817538,0.0,0.014,0.986
6819741,0.455,0.224,0.321
6878626,0.164,0.419,0.417
6901210,0.026,0.208,0.766
6888879,0.036,0.616,0.348
6888947,0.056,0.228,0.716
6883374,0.003,0.037,0.96
6836031,0.032,0.205,0.763
6851387,0.0,0.008,0.992
6907149,0.043,0.204,0.753
6882595,0.38,0.148,0.472
6816916,0.079,0.197,0.724
6878470,0.0,0.05,0.95
6865752,0.049,0.119,0.832
7217321,0.152,0.295,0.553
6944366,0.126,0.321,0.553
6918425,0.134,0.497,0.369
6821736,0.088,0.404,0.508
6936271,0.048,0.68725,0.26475
6874179,0.119,0.391,0.49
7135281,0.042,0.165,0.793
6942663,0.179,0.4605,0.3605
6903026,0.072,0.316,0.612
6824421,0.01,0.13266666666666668,0.8573333333333333
6820128,0.002,0.321,0.677
6850604,0.018,0.146,0.836
7120955,0.007,0.036,0.957
6847409,0.013,0.207,0.78
7056210,0.058,0.116,0.826
6939935,0.009,0.079,0.912
6844699,0.028,0.316,0.656
6833246,0.102,0.406,0.492
6845220,0.15633333333333335,0.3586666666666667,0.485
6824273,0.328,0.431,0.241
6873326,0.185,0.434,0.381
6941227,0.003,0.061,0.936
6899355,0.004,0.06,0.936
6880235,0.078,0.222,0.7
6850018,0.08,0.676,0.244
6818489,0.03,0.743,0.227
7159592,0.041,0.164,0.795
7200711,0.166,0.3545,0.4795
6842278,0.011,0.0625,0.9265
6829488,0.011,0.131,0.858
6916976,0.021,0.147,0.832
6863573,0.008,0.08,0.912
6900303,0.001,0.004,0.995
6830686,0.307,0.352,0.341
7088285,0.251,0.317,0.432
6875119,0.157,0.33525,0.50775
6852969,0.015,0.102,0.883
6834964,0.002,0.004,0.994
6888066,0.052,0.567,0.381
6862580,0.04,0.192,0.768
6902903,0.294,0.233,0.473
6940227,0.026,0.171,0.803
7094978,0.087,0.234,0.679
6849775,0.006,0.177,0.817
6852514,0.063,0.341,0.596
6908752,0.203,0.409,0.388
6926813,0.025,0.481,0.494
6867168,0.075,0.201,0.724
6916938,0.001,0.153,0.846
7217282,0.487,0.25,0.263
6830318,0.459,0.237,0.304
6841129,0.11,0.23016666666666666,0.6598333333333334
6933898,0.016,0.367,0.617
6852224,0.081,0.378,0.541
6855108,0.276,0.528,0.196
6857681,0.075,0.484,0.441
7167282,0.001,0.03,0.969
6939214,0.072,0.253,0.675
6922283,0.234,0.335,0.431
6859605,0.004,0.04966666666666667,0.9463333333333332
6904148,0.08,0.224,0.696
6882954,0.084,0.6283333333333334,0.2876666666666667
6939093,0.007,0.098,0.895
6831383,0.003,0.1,0.897
6894471,0.003,0.0185,0.9785
6931008,0.042,0.641,0.317
6838588,0.033,0.241,0.726
6851730,0.012,0.114,0.874
6911988,0.006,0.0845,0.9095
6814325,0.065,0.454,0.481
6838809,0.309,0.313,0.378
6822777,0.082,0.397,0.521
6887378,0.072,0.42290000000000005,0.5051
6913098,0.003,0.052,0.945
6936520,0.129,0.6548095238095237,0.2161904761904762
6837850,0.104,0.241,0.655
6918818,0.001,0.085,0.914
6897497,0.001,0.015,0.984
6936577,0.068,0.445,0.487
6826594,0.214,0.325,0.461
6865047,0.037,0.2,0.763
6823879,0.0734,0.292,0.6346
6914868,0.892,0.071,0.037
6863654,0.001,0.042,0.957
6907061,0.06,0.269,0.671
7180725,0.05,0.167,0.783
7205244,0.053,0.196,0.751
6856962,0.211,0.227,0.562
6885323,0.006,0.0345,0.9595
6912379,0.697,0.097,0.206
6858148,0.035,0.154,0.811
6814582,0.047,0.337,0.616
6940703,0.038,0.33,0.632
7181144,0.03,0.27925,0.69075
6825868,0.166,0.261,0.573
6889020,0.054,0.277,0.669
6869287,0.004,0.004,0.992
6871054,0.174,0.4365,0.3895
6870018,0.01,0.141,0.849
6895217,0.063,0.203,0.734
6855875,0.037,0.194,0.769
7185369,0.069,0.24,0.691
6848724,0.082,0.21533333333333335,0.7026666666666667
6912010,0.058,0.618,0.324
6911483,0.057,0.448,0.495
6826557,0.029,0.162,0.809
6893666,0.008,0.071,0.921
6946801,0.04,0.276,0.684
6871189,0.002,0.027,0.971
6844700,0.39158333333333334,0.505,0.10341666666666667
6832474,0.01,0.057,0.933
6922129,0.032,0.171,0.797
6941269,0.056,0.224,0.72
6850111,0.023,0.133,0.844
6871721,0.02,0.053,0.927
6834277,0.001,0.006,0.993
6815020,0.077,0.07533333333333335,0.8476666666666667
6839790,0.145,0.506,0.349
6929149,0.017,0.224,0.759
6832299,0.17,0.334,0.496
6908265,0.004,0.233,0.763
6819513,0.106,0.192,0.702
6922046,0.089,0.15933333333333333,0.7516666666666666
6911700,0.003,0.107,0.89
7132375,0.284,0.35983333333333334,0.3561666666666667
6826330,0.052,0.7145,0.2335
6892358,0.241,0.545,0.214
6844735,0.07723809523809524,0.28776190476190483,0.635
6830282,0.011,0.079,0.91
6831883,0.001,0.017,0.982
6861551,0.246,0.3725,0.3815
6857472,0.001,0.042,0.957
6844170,0.09123333333333332,0.5097666666666667,0.399
6870992,0.039,0.174,0.787
6824420,0.07766666666666666,0.205,0.7173333333333333
6842673,0.035,0.168,0.797
6870166,0.6209333333333332,0.1930666666666667,0.186
6923521,0.029,0.201,0.77
6923067,0.064,0.426,0.51
7102369,0.063,0.685,0.252
6918324,0.023,0.054,0.923
6875753,0.003,0.039,0.958
6858106,0.102,0.4036666666666666,0.4943333333333333
6945544,0.038,0.282,0.68
6843762,0.001,0.0,0.999
6916249,0.003,0.129,0.868
6881283,0.125,0.341,0.534
6905410,0.006,0.052,0.942
6892408,0.159,0.225,0.616
6930990,0.2495,0.4825,0.268
6835400,0.002,0.02,0.978
6867680,0.042,0.53,0.428
6910555,0.029,0.093,0.878
7178838,0.082,0.17,0.748
6925050,0.019,0.31,0.671
6831230,0.587,0.242,0.171
6884393,0.266,0.475,0.259
6850763,0.257,0.41833333333333333,0.3246666666666666
6835259,0.0,0.003,0.997
6878793,0.01,0.012,0.978
6843709,0.045,0.43575,0.51925
6880861,0.126,0.491,0.383
6927246,0.087,0.417,0.496
6884364,0.283,0.392,0.325
6932934,0.002,0.06,0.938
6943694,0.195,0.315,0.49
6831730,0.001,0.016,0.983
6844928,0.243,0.3955,0.3615
6885511,0.16,0.272,0.568
6844807,0.137,0.567,0.296
6817080,0.015,0.079,0.906
6851413,0.033,0.222,0.745
6918623,0.006,0.107,0.887
6932080,0.229,0.518,0.253
7117345,0.002,0.011,0.987
6821425,0.059,0.331,0.61
6924403,0.051,0.142,0.807
6854123,0.026,0.12,0.854
6852889,0.019,0.107,0.874
6866387,0.029,0.108,0.863
6858128,0.079,0.236,0.685
6905129,0.15,0.515,0.335
6932035,0.111,0.229,0.66
6884265,0.134,0.597,0.269
6936966,0.063,0.425,0.512
6881098,0.028,0.15833333333333335,0.8136666666666666
6869941,0.007,0.084,0.909
6864713,0.019,0.0795,0.9015
6905259,0.006,0.053,0.941
6889865,0.038,0.404,0.558
6870562,0.053,0.6163333333333333,0.3306666666666666
7124351,0.028,0.1294,0.8425999999999999
6857644,0.0035,0.081,0.9155
6891045,0.409,0.378,0.213
6929039,0.097,0.375,0.528
6916229,0.0,0.019,0.981
6833556,0.3,0.355,0.345
6838951,0.149,0.369,0.482
6868487,0.099,0.188,0.713
6869690,0.271,0.315,0.414
6864005,0.209,0.318,0.473
6923234,0.09,0.277,0.633
6827182,0.103,0.29,0.607
7146069,0.056,0.10733333333333332,0.8366666666666667
6890503,0.029,0.185,0.786
6911066,0.083,0.443,0.474
6876163,0.295,0.16016666666666665,0.5448333333333334
6920433,0.048,0.273,0.679
6826987,0.187,0.295,0.518
6831058,0.032,0.081,0.887
6944184,0.029,0.204,0.767
6868480,0.029,0.124,0.847
7097198,0.023,0.14,0.837
6914595,0.042,0.3975,0.5605
6879535,0.025,0.175,0.8
6900971,0.003,0.029,0.968
6878555,0.14010000000000003,0.3654833333333333,0.4944166666666666
6839324,0.124,0.331,0.545
6819925,0.014,0.055,0.931
6839386,0.06,0.2600666666666667,0.6799333333333333
6825584,0.054,0.374,0.572
7201758,0.02,0.095,0.885
6864463,0.21,0.424,0.366
6815348,0.002,0.016,0.982
6820756,0.093,0.25875,0.64825
6858699,0.024,0.265,0.711
6843115,0.062,0.071,0.867
6850824,0.003,0.042,0.955
6937635,0.024,0.132,0.844
6828911,0.071,0.15333333333333335,0.7756666666666666
7154618,0.01,0.152,0.838
6939143,0.212,0.304,0.484
6823169,0.007,0.163,0.83
6924844,0.081,0.5865,0.3325
6815925,0.203,0.364,0.433
6947389,0.001,0.007,0.992
7203267,0.102,0.30075,0.59725
6825953,0.177,0.352,0.471
6833542,0.058,0.293,0.649
6854302,0.005,0.087,0.908
6843122,0.106,0.19,0.704
6851851,0.045,0.092,0.863
6879971,0.066,0.132,0.802
7136227,0.0,0.005,0.995
6925138,0.011,0.18716666666666668,0.8018333333333333
6875050,0.017,0.06,0.923
6935199,0.205,0.423,0.372
6848027,0.033,0.353,0.614
6904795,0.5824,0.25326666666666664,0.16433333333333333
6818781,0.076,0.151,0.773
6871081,0.3975000000000001,0.2775,0.325
6888945,0.014,0.326,0.66
6925993,0.052,0.123,0.825
6928183,0.223,0.329,0.448
6847449,0.0,0.025,0.975
6857762,0.037,0.211,0.752
6942172,0.048,0.248,0.704
6916747,0.013,0.09,0.897
6813002,0.216,0.192,0.592
6923932,0.0,0.004,0.996
6939669,0.085,0.367,0.548
6854566,0.047,0.107,0.846
6909019,0.056,0.436,0.508
6869921,0.001,0.002,0.997
6864519,0.023,0.518,0.459
6849438,0.05,0.21333333333333335,0.7366666666666667
6916590,0.056,0.317,0.627
6947299,0.07633333333333332,0.278,0.6456666666666666
7152604,0.0,0.005,0.995
6894914,0.308,0.104,0.588
6914502,0.007,0.024,0.969
6820113,0.407,0.1807857142857143,0.4122142857142857
6924106,0.006,0.185,0.809
6840817,0.105,0.21433333333333332,0.6806666666666668
6913090,0.086,0.371,0.543
6934517,0.101,0.438,0.461
7152770,0.0,0.0,1.0
6868529,0.135,0.3429333333333333,0.5220666666666666
6836709,0.006,0.062,0.932
6868506,0.004,0.092,0.904
6941712,0.062,0.253,0.685
6932760,0.086,0.247,0.667
6850191,0.1447,0.3153,0.54
6878745,0.157,0.679,0.164
7094259,0.13651666666666665,0.26448333333333335,0.599
6831807,0.121,0.193,0.686
6891698,0.003,0.005,0.992
6923465,0.119,0.297,0.584
6899213,0.228,0.341,0.431
6923804,0.002,0.057,0.941
6918979,0.006,0.053,0.941
6862421,0.007,0.138,0.855
6900993,0.017,0.158,0.825
6861580,0.023,0.484,0.493
6906474,0.003,0.042,0.955
6847010,0.374,0.298,0.328
6817985,0.079,0.131,0.79
6879738,0.233,0.521,0.246
7169995,0.016,0.1,0.884
6901359,0.002,0.126,0.872
6837382,0.012,0.032,0.956
6874250,0.161,0.429,0.41
6886924,0.018,0.05,0.932
6894687,0.045,0.016,0.939
6937873,0.061,0.447,0.492
6852900,0.0795,0.1705,0.75
6929432,0.074,0.462,0.464
6844489,0.033,0.164,0.803
6844561,0.013,0.421,0.566
6933747,0.139,0.376,0.485
6940885,0.006,0.042,0.952
6873782,0.20466666666666666,0.5203333333333334,0.275
6882375,0.07,0.56,0.37
6878769,0.039,0.265,0.696
6827016,0.075,0.525,0.4
6820773,0.317,0.174,0.509
6921124,0.053,0.43,0.517
6817935,0.325,0.27625,0.39875
7144533,0.054,0.46,0.486
6813648,0.159,0.19833333333333333,0.6426666666666666
6834670,0.076,0.234,0.69
6878185,0.074,0.2846666666666667,0.6413333333333334
6923378,0.022,0.303,0.675
6932252,0.061,0.217,0.722
6857065,0.002,0.026,0.972
7169899,0.062,0.343,0.595
6887074,0.038,0.068,0.894
6849463,0.062,0.237,0.701
6934153,0.09,0.309,0.601
7116464,0.101,0.212,0.687
6897412,0.028,0.1613333333333333,0.8106666666666666
6925887,0.064,0.41,0.526
6848650,0.086,0.237,0.677
6818453,0.29325,0.165,0.54175
6943153,0.018,0.245,0.737
6946348,0.689,0.183,0.128
6878770,0.068,0.499,0.433
6827664,0.012,0.112,0.876
6922984,0.021,0.13,0.849
6864544,0.049,0.136,0.815
6931437,0.014,0.06,0.926
7171071,0.02,0.135,0.845
6908215,0.093,0.505,0.402
6813875,0.179,0.381,0.44
6845221,0.028,0.65,0.322
6900902,0.064,0.341,0.595
6925197,0.141,0.275,0.584
6850783,0.004,0.022,0.974
6869002,0.10616666666666666,0.352,0.5418333333333333
7172791,0.036,0.248,0.716
6936176,0.013,0.011,0.976
6839462,0.181,0.282,0.537
6828651,0.0245,0.2545,0.721
6912630,0.039,0.201,0.76
6925870,0.015,0.165,0.82
6823876,0.031,0.465,0.504
6932538,0.022,0.099,0.879
6905724,0.076,0.172,0.752
6872564,0.002,0.007,0.991
6821027,0.062,0.17233333333333334,0.7656666666666666
6943747,0.337,0.181,0.482
7150854,0.0,0.003,0.997
7140107,0.044,0.128,0.828
6925056,0.039,0.3588333333333334,0.6021666666666667
6908834,0.028,0.1945,0.7775
6841620,0.095,0.198,0.707
6927175,0.196,0.563,0.241
6911333,0.204,0.254,0.542
6936227,0.175,0.31,0.515
6935640,0.124,0.501,0.375
6901738,0.021,0.259,0.72
6849053,0.674,0.086,0.24
6879561,0.214,0.402,0.384
7166280,0.322,0.492,0.186
6889409,0.015,0.165,0.82
6898181,0.003,0.019,0.978
6881507,0.0,0.002,0.998
6895263,0.001,0.014,0.985
6830090,0.367,0.079,0.554
7215380,0.079,0.471,0.45
6817698,0.04,0.215,0.745
6906566,0.395,0.275,0.33
6894990,0.08,0.231,0.689
6873889,0.094,0.836,0.07
6879553,0.021,0.4035,0.5755
6878327,0.628,0.194,0.178
6907502,0.305,0.246,0.449
6913646,0.07,0.296,0.634
7300745,0.032,0.197,0.771
6839638,0.046,0.217,0.737
6856873,0.121,0.459,0.42
6855357,0.043,0.176,0.781
6899979,0.0,0.01,0.99
6908433,0.138,0.237,0.625
6907408,0.0,0.011,0.989
7170775,0.05,0.754,0.196
6894035,0.015,0.064,0.921
6847457,0.013,0.206,0.781
6846258,0.022,0.258,0.72
6833602,0.564,0.246,0.19
7113888,0.113,0.411,0.476
6896850,0.278,0.488,0.234
6874757,0.019,0.113,0.868
6818474,0.077,0.355,0.568
6902137,0.085,0.3025,0.6125
6870798,0.156,0.26,0.584
7127496,0.065,0.198,0.737
6902192,0.081,0.329,0.59
6881324,0.113,0.303,0.584
6928837,0.156,0.33775,0.50625
6882452,0.208,0.48,0.312
6828286,0.007,0.066,0.927
7126963,0.06507142857142857,0.18292857142857144,0.752
6862928,0.002,0.006,0.992
6822277,0.09450000000000001,0.3045,0.601
6889752,0.085,0.3839166666666667,0.5310833333333334
6861415,0.089,0.234,0.677
6812868,0.104,0.429,0.467
6937889,0.307,0.405,0.288
6935346,0.028,0.133,0.839
7282611,0.031,0.199,0.77
6936347,0.339,0.359,0.302
6824954,0.014,0.179,0.807
6892538,0.091,0.336,0.573
6928786,0.011,0.097,0.892
7164678,0.13,0.706,0.164
6889908,0.133,0.298,0.569
6913892,0.504,0.267,0.229
6837599,0.441,0.43,0.129
6925955,0.003,0.02,0.977
6833907,0.1545,0.6285,0.217
6874618,0.073,0.199,0.728
6877202,0.147,0.495,0.358
6928643,0.003,0.041,0.956
6904977,0.017,0.299,0.684
6890725,0.026,0.225,0.749
6821381,0.05,0.407,0.543
6876184,0.212,0.294,0.494
6900571,0.008,0.137,0.855
6885274,0.009,0.052,0.939
6839484,0.29937142857142857,0.34262857142857145,0.358
6940393,0.005,0.205,0.79
6947646,0.037,0.253,0.71
7171492,0.074,0.365,0.561
6929184,0.044,0.304,0.652
6890360,0.041,0.357,0.602
6857523,0.1974,0.30160000000000003,0.501
6913381,0.02,0.378,0.602
6849511,0.075,0.08,0.845
6877504,0.012,0.162,0.826
7140050,0.0,0.064,0.936
6821705,0.08,0.144,0.776
6828363,0.596,0.274,0.13
6834416,0.062,0.2535,0.6845
6930248,0.093,0.562,0.345
6859894,0.034,0.202,0.764
6812012,0.014,0.107,0.879
7163323,0.011,0.036,0.953
6842540,0.194,0.279,0.527
6868726,0.022,0.081,0.897
6941446,0.075,0.2285,0.6965
6870488,0.002,0.074,0.924
6839242,0.332,0.428,0.24
7218255,0.002,0.094,0.904
6934549,0.069,0.301,0.63
6889895,0.029,0.09241666666666666,0.8785833333333333
6825020,0.019,0.102,0.879
6894947,0.361,0.396,0.243
7140525,0.0,0.009,0.991
6911993,0.027,0.085,0.888
6824037,0.054,0.2185,0.7275
6882446,0.017,0.205,0.778
6902447,0.0175,0.115,0.8675
6931156,0.042,0.132,0.826
6857795,0.212,0.26,0.528
6831494,0.004,0.005,0.991
6853601,0.01,0.123,0.867
7098382,0.09,0.524,0.386
6896764,0.232,0.322,0.446
6852315,0.008,0.034,0.958
6879859,0.105,0.458,0.437
6823182,0.038,0.093,0.869
7186095,0.18,0.491,0.329
6888297,0.026,0.217,0.757
6862915,0.057,0.265,0.678
6876292,0.014,0.142,0.844
7125390,0.004,0.042,0.954
6894003,0.124,0.396,0.48
6882334,0.027,0.121,0.852
6902258,0.017,0.124,0.859
7202985,0.002,0.002,0.996
6854703,0.08,0.682,0.238
6867192,0.045,0.2544,0.7006
6891539,0.008,0.136,0.856
6944423,0.543,0.214,0.243
6828554,0.006,0.038,0.956
6909152,0.068,0.773,0.159
6916377,0.0,0.001,0.999
6927731,0.024,0.088,0.888
7207035,0.019,0.501,0.48
6823232,0.036,0.163,0.801
6920352,0.08,0.532,0.388
6927006,0.152,0.519,0.329
6882569,0.004,0.04,0.956
6930250,0.078,0.2532,0.6688
6874927,0.009,0.023,0.968
6819605,0.0405,0.204,0.7555
6919792,0.024,0.135,0.841
6865137,0.01,0.508,0.482
7129277,0.061,0.395,0.544
6812483,0.005,0.068,0.927
6939010,0.048,0.263,0.689
6946483,0.037,0.3,0.663
6861585,0.066,0.15,0.784
6939744,0.053,0.313,0.634
6892611,0.043,0.34,0.617
6830977,0.589,0.249,0.162
7128814,0.002,0.028,0.97
6923434,0.061,0.295,0.644
6942315,0.046,0.19366666666666668,0.7603333333333333
6948509,0.414,0.239,0.347
6890231,0.007,0.09433333333333334,0.8986666666666666
6912207,0.016,0.146,0.838
6838584,0.038,0.118,0.844
6847995,0.063,0.474,0.463
6917463,0.053,0.476,0.471
6903844,0.005,0.029,0.966
7157390,0.019,0.312,0.669
6855342,0.095,0.136,0.769
6835231,0.113,0.337,0.55
6862121,0.001,0.002,0.997
6945521,0.11266666666666666,0.535,0.35233333333333333
6867420,0.008,0.155,0.837
6905101,0.106,0.371,0.523
6818496,0.07433333333333335,0.31166666666666665,0.614
6918925,0.029,0.245,0.726
7123427,0.172,0.411,0.417
6814336,0.12116666666666667,0.1928333333333333,0.686
6911832,0.002,0.049,0.949
6947977,0.072,0.578,0.35
6835357,0.0,0.002,0.998
6893083,0.0655,0.422,0.5125
6869401,0.002,0.015,0.983
6936872,0.19,0.406,0.404
6943363,0.01,0.128,0.862
6814666,0.068,0.338,0.594
6831228,0.176,0.454,0.37
6930325,0.051,0.372,0.577
7135468,0.168,0.298,0.534
6935649,0.37,0.434,0.196
6842816,0.027,0.109,0.864
6836648,0.003,0.01,0.987
6843370,0.5561666666666666,0.271,0.1728333333333333
6829452,0.032,0.433,0.535
6814410,0.06,0.177,0.763
6861393,0.013,0.038,0.949
6947636,0.105,0.503,0.392
6884926,0.094,0.416,0.49
6948404,0.067,0.31533333333333335,0.6176666666666667
6879094,0.107,0.245,0.648
6887261,0.102,0.2735,0.6245
6926944,0.113,0.463,0.424
